
1830497.75
1666610.5
1591445.25
1226253.25
898285.75
1187336.75
2065878.25
1138983.875
1297631.75
1381914.75
1420530.75
1227941.375
995297.5
1296428.375
1690613.375
1648328.25
1404183.875
1596964.75
1392006.875
1537711.5
2233651.0
1721198.625
1437275.625
1620343.0
1875504.125
1604408.75
1214869.875
1640143.375
1556845.25
1698738.75
1191754.875
1542352.625
980447.1875
1264004.75
1106784.625
1553837.375
1235853.75
1063070.25
1391010.875
823006.5625
974992.625
1239167.25
1501091.375
1110930.875
1668830.625
1088775.75
1117255.625
1845125.875
1826979.25
1062982.875
1012695.125
1751203.0
1153753.0
760502.6875
1416953.625
1420351.125
1367195.125
1363697.25
1294643.25
1091635.25
1346173.875
1183186.625
1444478.75
1400089.25
1796031.75
1479201.0
1407649.5
1117606.25
1334849.0
1249100.75
1312351.0
1282951.375
1427441.5
1419475.0
1496210.375
1325910.375
1320726.5
1087709.125
1459526.875
1381769.875
1286523.625
2001395.125
1192902.375
1295137.25
1201271.625
1413026.875
1430657.125
1549439.0
1338833.125
1024904.3125
1391939.25
1578361.0
1409165.25
1203522.875
1248091.75
1666822.5
1389036.25
1005582.0
1149693.25
1198476.875
1332529.375
1124535.5
1596705.375
1133501.125
912381.5625
1275802.125
629487.25
1729074.625
1786383.875
1242097.375
875824.75
1418657.75
1471851.375
1237994.875
1351808.625
1573417.125
1420279.75
1730654.375
1558545.625
1471938.75
1694512.375
1259193.0
1277328.375
1156255.375
1276813.875
1451483.625
1781296.875
2029592.625
862737.1875
1298231.875
1470869.125
1359694.75
1223501.0
871381.375
1366560.125
1141149.25
1914107.5
1379850.5
813408.5625
1349666.125
1862278.125
1843378.375
1029584.625
1185644.625
1242855.125
1174985.75
1270599.625
766465.9375
1072382.875
1732984.375
945935.0
1335184.25
888564.75
1318693.125
1389101.375
1124494.5
1650356.75
1337481.625
1516729.375
944796.8125
1462228.375
1244275.125
1450394.75
1513916.375
1279154.0
1467602.375
1265816.25
1119854.625
1065870.125
1762714.125
1502778.25
1747920.625
1126696.25
2004405.125
1227343.75
1306379.875
1728250.0
1841829.0
1372475.0
1663596.875
1822476.75
960697.1875
1101581.5
1664024.25
1139257.625
1807614.5
1264145.125
1673363.75
1191454.125
1274354.375
849694.75
1754863.375
1127427.75
1016076.9375
1472608.75
1521140.125
1220255.25
1036683.5625
1514713.25
1208398.5
1436502.875
1998885.0
1497351.125
1553162.75
904416.0625
1612800.0
1289231.875
1561794.875
1304180.5
871471.8125
1119493.125
1551770.625
980753.9375
1704871.0
1351980.5
1062327.375
1914035.0
1312987.875
1138829.5
1133576.75
1165355.375
1591227.875
1434062.875
1606184.375
1312847.625
1336129.75
1269734.5
1779776.0
1742107.875
1546454.625
1571915.5
1337616.375
995653.375
1130777.125
1782102.625
1175350.0
1322334.25
1196748.125
1242065.25
1480783.625
1472680.25
1394069.375
1452233.75
860479.0
1049889.375
1203741.25
1917540.375
1062685.75
1105681.75
997719.75
1362244.75
1557810.0
1270829.375
1225757.0
1885355.75
1124963.875
1598238.5
1034766.3125
1196050.0
1488012.875
1303259.625
836920.5
1578760.5
1170858.625
2297421.75
1075357.25
1373143.875
976818.875
2035532.875
1127290.0
1186980.25
1305028.5
1414516.0
1364076.75
1617893.875
1215869.25
1437198.625
1316495.75
1027649.8125
1826812.375
1367416.625
1445002.625
1371891.5
1310221.5
1870828.5
1296572.625
930778.75
1410927.75
1779492.0
1082011.375
1629210.875
1184647.0
1373411.875
1525919.375
1285193.5
1365455.875
2342453.75
1362370.25
1010392.375
1531318.25
1005325.875
1052865.125
1358574.125
1464454.875
1295113.75
913716.125
1135088.625
1385055.125
1700957.875
1686667.25
1365776.875
1337146.75
1302458.125
1451525.125
1512665.375
1185647.25
1521191.625
1828836.625
1714384.0
1501730.875
1174145.75
1746933.375
1299468.875
1200644.5
1258718.0
1606227.25
811747.5625
1264372.375
1565786.25
1566101.5
1586138.25
1460103.875
957025.9375
1043471.8125
1440160.5
1011799.25
1547616.875
1131743.375
1272390.25
1331855.25
2312334.0
1009223.625
1401778.125
1158709.75
916666.0625
1141047.75
1138631.25
1803525.125
1431242.625
1729243.5
1212540.375
1704910.375
1304326.75
1676344.875
1275688.625
1539754.0
1169461.875
1242432.625
1248365.0
1203618.125
1404542.625
1182077.875
1345242.0
1411387.125
1228306.375
1559917.0
1180485.75
1437092.875
1220237.5
1342041.5
1374617.5
1933246.875
1129570.5
1364836.625
2465248.0
1025122.5
1455010.75
1226349.5
1319689.875
1831264.75
1234205.25
1127221.875
1654363.5
1646501.875
1714551.625
1362861.875
1324575.0
1159975.0
1002216.875
1317254.125
1081756.0
1363807.75
1851191.5
1315700.875
1115354.75
1061539.875
1352931.375
1582679.625
1183641.25
1660302.875
1123569.625
1146009.375
1089784.875
1673077.25
1011324.375
1499700.625
1151781.75
1398843.375
1329646.125
999441.6875
1573551.5
967843.1875
1044909.375
1444843.375
1766374.375
1120991.25
1083093.875
1016353.875
2128816.75
1840674.875
1391343.25
1655406.75
1405514.875
1835412.875
1229191.75
1721763.875
1565655.125
1053603.875
1215495.0
1479212.75
1719279.75
1108115.375
1615816.75
1044382.125
1188199.25
1283593.625
1148542.0
2101802.0
1139808.125
891367.6875
1118912.625
1502774.0
1503604.375
978779.9375
1202517.875
1833902.125
1685442.0
1440734.625
1685998.0
1044515.3125
1087310.25
1511890.625
1197732.875
1248776.0
1379600.0
1418143.5
1687320.0
1193963.875
1356163.25
1031227.4375
802376.6875
1328220.875
1492234.875
1289553.625
1127904.125
1139708.25
1187189.375
1692837.625
1533915.875
1205467.25
1421298.0
1553704.375
1161162.25
1122084.375
1450999.0
2130111.75
1646907.625
1256701.625
1625659.125
1717422.75
1475495.625
984614.9375
1251605.75
1688395.75
1351822.25
1444178.25
1589672.375
870875.4375
1323384.25
1751561.625
971715.8125
1172189.875
1013683.125
1601382.875
1221498.125
900137.1875
1300230.5
1436407.0
1434660.75
1163931.0
1551173.5
1252885.0
1800610.75
1307195.125
1460467.875
872158.0
1194333.875
1027546.4375
1336787.75
1470223.25
1169893.625
1300967.375
1734852.75
1575990.5
865277.3125
1351435.75
1090204.125
1464298.5
1219428.375
1407503.375
1228940.625
1223914.375
1227754.75
910170.75
1971130.75
1467673.5
1129362.25
1310965.625
1353170.625
1777810.125
1170799.625
1044582.0
1651350.75
2213851.5
1080190.25
1311463.75
1463682.75
709092.75
1633172.625
1329006.625
1113976.125
1326469.5
1283465.875
1103139.125
1647612.125
1383871.375
1450658.375
1499833.0
1021498.4375
1309087.375
1178784.5
1232524.375
1318042.5
939647.625
882795.5625
1834176.625
1280810.25
1067019.0
1114888.875
1355208.25
1693685.875
1456304.0
1361358.375
1140514.625
1887539.375
1628573.5
750309.4375
1238823.875
1338220.375
1279276.375
1280058.125
1082577.5
1101096.75
1483220.5
942626.4375
1594498.125
884713.6875
935858.4375
1814296.75
2435317.0
1088710.75
1263162.125
1425144.5
1698248.0
939630.0
1572509.875
1333392.75
1210976.875
1221200.375
1217653.125
1612045.375
1242969.25
2063138.25
1278342.625
1035977.1875
1257144.125
1591878.375
1157429.125
1006424.9375
1246163.625
1593319.75
1724158.375
1713063.875
1491025.5
1978061.625
1445033.125
1758816.625
829599.125
1089708.0
1203375.625
1424921.75
1814690.0
1610500.75
1133745.5
1448515.0
1537294.625
1648965.375
1147177.0
1221101.75
1614313.75
1426100.75
1477926.125
1508936.625
1603816.0
1033377.6875
1109680.625
1765195.875
1452200.25
1393720.25
1237746.25
1698271.375
1037481.5
1141755.25
935973.0
1533036.5
1266334.125
1867756.875
1742742.875
1144441.125
908292.5
1258417.5
1564580.5
1592918.125
997339.25
1839803.5
1407422.375
1137762.125
732070.75
1346508.125
1668678.125
1471418.5
976352.625
1103462.75
1205522.375
1166792.875
1770053.0
1223466.25
1319464.625
1872366.0
945071.0625
1235487.625
1376970.25
1279322.0
1451245.25
1510681.25
1220557.625
1091241.625
1613123.5
1725123.5
1065262.625
1335333.0
1825036.25
1575965.75
1638013.75
1871105.25
1265347.0
1235734.25
985647.5625
1344773.875
1031199.1875
1294887.625
1861583.375
1156029.875
2043772.0
1401869.5
1765658.625
1429951.625
2347887.75
1541448.25
1235635.75
1792972.375
1142751.875
1419232.625
1868323.0
1211439.375
1492236.75
1206754.75
1549185.0
1192120.625
1215862.875
1082175.625
1552935.875
1590366.0
1389698.625
1522666.625
1351931.75
1208653.375
1548563.875
1196558.375
1516216.5
1156857.75
1436791.125
1294659.625
1254827.375
1879720.125
1021520.25
1552032.5
862276.375
994569.0625
1725933.875
1197205.5
1450046.375
1221761.0
1162290.25
955236.0625
1121232.875
1361600.875
1510090.375
1002928.1875
1383023.125
719369.4375
1407751.0
805025.625
1527026.25
1378400.375
1526652.625
1307667.625
1684170.375
1643982.0
1499968.5
1737476.125
1565325.875
1288075.5
1286994.875
1526867.625
1656115.25
1392293.0
1512414.375
1308157.375
1221686.25
1509692.75
1310546.625
1177948.75
988057.375
1062445.625
1557545.375
1672173.0
1546645.75
1612870.375
2018521.375
1496877.625
1476014.25
1140874.5
1974337.5
1400494.25
1248403.625
1376582.375
1341463.75
1453542.5
1430478.0
1127656.875
1179279.0
1242853.375
1033054.0
1237651.875
1162907.375
1416124.25
1262281.25
975180.875
1258141.625
1524729.5
897837.75
1157237.25
1049953.625
1116561.625
1819238.375
1161519.125
1213169.75
1604524.75
934232.5625
946541.3125
1180867.0
1057377.125
1848359.0
1128013.5
1266627.125
1269858.375
1089194.75
1408947.5
1179086.625
1519653.75
1613203.625
1995408.625
1677288.875
1106805.75
1395109.25
1136515.75
1491315.875
1227490.25
1458022.875
1392474.5
1228700.125
1422412.625
1367581.625
1256183.625
961296.75
893474.875
1089236.625
1478528.75
1487671.25
1590051.625
1472224.25
1288102.625
1345667.125
1121907.5
1225910.25
1277425.125
804222.4375
1988767.875
1284673.125
1599914.5
1371922.5
1846482.5
1343955.75
1065007.125
1549268.5
1182415.25
1983290.875
1002279.6875
1223895.25
1778215.625
1075441.875
1267897.625
1522655.625
1111557.75
1373092.25
1300576.375
1098580.25
1448056.0
1358279.875
908195.25
1223771.5
1719460.25
1179015.0
1223844.625
1390329.375
1685045.0
1386823.25
1624381.5
876234.8125
1101653.125
1717232.5
1235926.875
1431477.125
1118333.75
1965463.625
1318357.0
1628279.875
1573139.75
1012478.4375
1120391.875
881213.4375
1089815.75
1625264.625
1576301.0
1768243.875
1595826.75
1285223.75
1039987.9375
912046.5625
1175756.0
1237661.625
1658485.375
1768771.25
1331609.0
1697392.5
1063275.875
1174400.875
1197390.125
997927.5625
1166844.875
1152244.625
1209988.25
1391087.375
1295102.375
986517.75
1531174.0
1511606.5
1068509.125
1206853.375
1654008.0
1461537.5
1284924.5
1212440.625
1315049.5
772702.6875
1532425.625
1122373.375
1141079.125
1675763.625
1070858.75
1118132.5
1325587.0
1588285.125
1342682.0
1507475.25
1209760.625
859970.4375
1991565.0
1608675.875
1274074.0
1723480.125
1041469.9375
1259611.0
1304067.375
1466941.75
1796989.5
1037839.5
1290804.125
1874908.75
1441309.125
1336544.125
1167173.125
876263.8125
1502211.875
1176106.625
1425174.375
1035223.6875
1324297.875
1064841.75
1271780.5
1289075.875
1215000.0
1501112.875
1625425.375
908132.0
1177832.375
1957928.625
1725147.5
1090842.0
1238335.25
1272450.625
1035105.5
1302828.25
1231221.125
1466211.625
1374309.625
1485534.125
1434807.0
2048383.625
1114161.625
2056570.875
1103258.125
1364258.625
1466265.25
1648458.875
1333186.25
1330119.375
1651015.25
1430290.5
1412829.75
1884639.875
1309523.75
1016544.25
1256729.625
1629034.0
1531074.0
1220261.375
1685448.875
1431708.75
1526167.0
1331676.875
1111156.375
1195853.875
1255104.5
1066354.5
1124427.75
1365643.25
1317868.5
1124858.5
1699312.375
950247.375
1494584.375
1047380.0
1329019.875
1094657.75
1698968.125
945670.1875
1752987.125
977350.8125
1317326.625
1039831.25
1221314.75
1066175.875
942385.4375
861437.0
1202706.0
1106355.375
1326436.375
1250928.25
1332554.125
1266925.625
1388398.25
1163516.375
881364.5625
1054171.625
964814.875
1203168.375
1427615.625
818795.0
1755198.875
1105856.0
1657469.5
1264224.5
1302155.625
928550.625
1471566.125
2003567.125
920964.375
983848.875
993715.875
1329314.5
1072568.625
1857120.5
1959535.5
1502293.125
1244861.5
930337.625
1308125.875
1279878.25
1483759.5
1156541.75
1257867.5
1154176.25
1729419.375
1298080.875
891439.625
1106000.0
1625664.875
1277837.375
1291866.75
1651692.75
1370595.25
1037565.6875
1483058.125
1140237.875
1404749.25
1673607.25
2405543.0
1541713.75
1539267.75
1439073.5
986845.5625
1100055.75
1024534.25
1449404.75
1084579.5
1618632.875
1520323.625
940184.75
1214881.0
1380974.375
1212889.125
1095279.875
1379323.625
896768.375
1231675.75
1296271.125
1181760.75
1194085.375
1392958.0
1581229.25
1120712.625
891800.5625
1057583.5
1579952.625
966529.1875
1077609.0
1918256.875
1424528.75
1587156.125
922414.75
1455570.125
1269081.5
1808589.0
1628033.5
1254174.0
1670292.5
1192913.5
894031.4375
1204853.75
1029598.375
1530789.25
1356085.375
1177826.5
1264443.125
1327350.75
1315974.375
1355506.0
920577.1875
1447707.25
1754000.0
1988172.375
1563874.375
1093294.375
1419976.125
1498686.625
1035358.0625
1225059.25
1438796.75
1432241.375
1042411.6875
1727646.625
1236215.75
1035798.0625
1240013.5
1450416.625
1181660.75
1186806.875
1184670.0
1719023.125
1490704.625
1156165.0
1498507.5
1427842.5
1730465.375
1149244.0
1812957.5
1378575.75
894692.875
1150461.75
1327727.875
1463464.25
1182259.5
1252111.25
1328046.0
2272226.25
1512697.0
1184925.25
1387996.375
1297087.125
1577605.375
1393303.375
1030096.5
1601806.875
1431312.5
1753167.375
1060009.875
1381840.125
1388016.375
1562850.875
1233466.875
1229403.875
1911137.75
1011147.3125
974799.0625
1509108.375
1441004.375
1038689.125
1794249.25
984465.125
1909240.0
1459241.625
1589296.125
1340233.875
1608305.375
864272.375
1534603.0
2163820.5
1499067.875
1103771.125
1041597.0
1090747.25
1133348.0
1108700.5
1796099.0
1268872.25
1340157.5
1368101.75
1177833.5
922884.0625
1464283.25
1452106.625
1246897.125
1558340.5
1451012.375
1437781.5
1440397.0
1961392.625
1182528.875
1567829.75
1592031.75
1347619.25
1374321.5
1117474.125
1026673.5625
1184294.875
1537896.25
1382664.75
1859860.25
1504004.125
1317161.5
1581378.0
1715015.375
1375013.125
1185461.125
1265210.0
1506350.375
1834762.125
1361455.125
1100023.0
1441701.75
1302427.5
1345955.625
1536828.5
1048478.4375
1178987.0
1545365.75
1335819.125
1156727.75
1443051.75
1209028.375
1177179.5
989573.875
1441024.25
1174186.25
1383561.625
1497349.375
930676.125
1530641.625
1458495.5
1134766.0
1141992.25
1596973.25
1085271.75
1217189.75
1138601.5
1145957.625
1368012.375
1006674.5
1210465.125
1123563.75
1347481.5
1317854.125
1513787.875
1256184.125
1512430.125
1025256.25
1293064.375
1461470.125
1261322.5
1048716.25
1464652.75
1437328.125
1895633.5
2196999.25
1519574.625
1938081.875
1506319.5
1118378.625
1434819.25
1649564.625
1827253.0
953538.3125
1318630.875
1470182.75
1052561.125
1266789.25
1666104.75
1224281.875
1093518.875
1025244.0625
950561.875
1458907.375
1409263.25
1078167.75
1016153.125
1323216.625
1313784.75
2155587.25
1516400.5
1085555.5
1190809.25
1171956.5
1536704.125
1231981.0
1380259.125
1493707.375
1127879.25
1655872.75
1447803.0
1887059.125
1501381.375
910700.0
1460222.875
1716385.625
1387086.625
1228502.375
1362177.625
837042.8125
1336554.5
898072.1875
1377512.75
1571463.625
1160165.0
1041239.0625
1050168.25
873962.9375
995329.875
1185929.25
1786174.875
1137349.125
902522.875
1380465.625
817312.625
2201988.75
1323083.0
1671003.75
1508864.875
1018145.375
1056413.75
882015.625
1688672.75
1001199.5625
1416278.75
1000512.0625
1093742.125
1151567.25
1178152.5
1028083.4375
1927485.5
869651.6875
1295549.25
1107566.25
1918765.25
1118707.0
1422250.375
1713314.625
1711127.875
1716302.25
1606503.25
935363.5
903493.0
1033145.125
953852.0625
1355593.0
1595614.75
1703078.25
1285038.875
1024305.0
1176408.625
1689583.5
1340114.75
848325.9375
1460223.5
1333188.625
1093570.375
1159485.75
2008128.875
1749252.5
940469.25
1119236.875
1733456.75
1424922.5
1482041.75
1045751.0625
1149066.625
1585083.0
1363759.375
1017849.625
1723796.125
1325754.625
1382992.875
1212653.875
1635387.25
1801130.75
1378886.75
1594194.375
1347876.125
1307985.125
1207845.625
1381404.375
1446173.375
1205684.375
1144999.875
1252454.125
1537520.875
1401211.75
1805427.375
1396956.75
1388085.125
1644247.875
1400970.375
1288538.5
1112197.5
1297828.625
1662802.75
1538953.875
1220802.5
819465.8125
923754.9375
1150809.5
1162723.5
1255937.375
1279185.625
1246180.875
1053475.875
1566737.875
1326050.125
1095411.625
1436158.375
1451697.125
1199677.75
1879462.625
1163996.875
1038616.0625
1297523.25
1240473.25
1423397.125
1443261.75
780093.3125
1421359.875
1346124.5
1306059.0
1247738.125
1397048.375
1444489.75
1046637.0
1431797.625
951180.125
1782753.5
914051.9375
1164177.375
1422784.125
1570143.375
1031933.6875
1411316.375
1209468.875
1393039.125
1441960.625
1549221.375
1114569.625
1118007.375
1353226.75
1198688.375
1128346.75
1371092.125
994498.3125
1409442.75
1287259.0
2135093.25
1981968.375
1128279.875
1647208.5
1399185.125
1081481.25
1092122.875
1139087.75
1890400.75
1221812.5
1115994.125
1579221.0
1469615.25
1350441.375
1120250.625
1602174.375
1700001.625
1161471.25
1076551.125
1496616.625
1237645.25
1234000.375
1432221.5
1278227.0
1070555.5
1725707.25
1257755.375
1173043.5
958736.3125
1347075.75
1327802.75
1458271.875
1566431.5
1366888.125
1405669.875
1116974.75
1110315.75
1635065.625
1560443.125
1217945.125
1245625.75
1437814.0
1051840.75
1568251.625
878257.6875
1632467.5
1439188.5
1336282.25
1089956.25
1399693.75
1588835.375
1045087.75
1542468.625
1441643.0
1189321.0
1181449.0
1063726.25
1192914.625
982551.3125
1210567.5
1610024.625
1523705.0
1361782.25
1423676.125
859430.0
1477302.125
1383738.0
1739495.75
971037.4375
1442161.25
1541954.25
1282478.875
1139282.0
1517737.375
1485816.0
1346036.875
1513954.75
1542442.25
1560317.5
1151937.625
2203602.5
1650127.125
1037209.5
1857403.125
1318305.625
883796.5625
1477690.0
1728405.125
1554314.25
1385394.125
2225544.5
1489308.0
1232583.25
1032260.25
1463476.75
1689867.25
1764052.5
1225146.25
1282438.25
1835361.0
1421702.5
1292334.0
1634694.625
1379433.375
1242451.75
1260573.875
917328.1875
1359509.0
1566595.625
1675670.5
1182990.875
1704637.75
1715233.75
1999876.875
724161.1875
1344567.375
1251376.125
944833.9375
1579963.25
1562157.25
1448091.25
1492853.25
1959081.625
1284115.625
1061801.625
1978140.5
1530032.5
1460795.5
1100524.625
1299049.375
1791264.75
1213389.625
1607686.25
1402107.25
1318353.125
1352437.75
1196021.125
1039015.1875
1653993.375
1598480.875
1528277.25
1281559.125
1211902.875
1081644.75
1471282.75
1120378.0
2068923.5
1760625.75
1149660.0
1466530.5
1465113.625
1552925.625
1052402.5
1491485.75
1149839.25
1531037.625
1411258.0
1057694.25
942586.4375
1596844.75
920964.375
1578442.75
1495191.75
1148288.875
1258983.25
2203734.75
1445298.625
1465295.625
1246708.125
1079824.75
2381566.0
1319480.625
1348072.5
1982973.5
1800679.75
1468688.625
1184499.0
1146907.5
1644364.0
1304002.5
1327033.875
1551529.75
1369266.25
1182853.375
1590730.25
1363571.375
1552749.5
1067427.75
1640556.875
1665668.5
1218986.375
1016129.3125
1179632.125
1606965.5
1446124.625
1197042.75
941537.0625
1240745.0
1573362.125
1145530.125
1144270.25
1742264.625
1309860.5
1416332.75
1084795.875
1596493.625
1291365.625
1063255.5
1076126.75
963275.5625
1388346.625
1166347.125
1484333.0
1315734.0
1190052.75
1486605.375
1462595.5
1871119.25
1089097.5
1419796.5
1573807.375
1426057.5
1332092.375
1215836.5
1209916.125
1346811.625
1251862.25
1241347.75
1517198.75
1275768.5
1223298.5
1086250.5
1268492.875
1108698.625
1319848.625
1266736.875
1703825.5
1025659.375
1171496.375
852486.8125
1287574.25
1022257.8125
1503238.75
1145884.0
1632106.75
1124531.25
952328.1875
1250560.5
729618.3125
1048948.625
1046592.625
1762771.625
1273424.25
1045912.8125
1229577.625
1425891.125
1387749.75
987365.75
1082485.375
1205001.0
1109172.75
1496407.875
1134350.75
949985.0
1456991.125
905447.5625
1339611.125
1116036.25
1189202.0
992420.3125
1569444.0
1371120.875
2382901.0
1779617.25
1311677.25
1235062.875
1280375.875
1346195.125
1322713.75
1321755.25
1623387.0
1926418.25
1023905.8125
1309120.875
1736076.625
1675125.5
1345267.375
1373886.875
1300637.125
1338756.75
1261358.375
1756458.5
1231035.625
985530.1875
1039673.625
1498085.75
1208175.375
1575041.25
1233170.0
1388094.625
1549519.375
1234865.125
1619501.625
1126583.25
1687359.75
1421419.375
1344724.625
1259334.0
1385648.375
1253094.875
1745304.25
1590881.75
1018931.5625
1196185.125
1529986.625
824123.5625
1317369.75
1757844.625
1764261.0
1238736.875
1180275.25
1415441.375
1152719.875
1504288.25
1448977.125
1077745.75
1135920.375
1164143.75
681515.8125
1255051.625
1231672.5
1364351.875
1488030.75
923896.25
1314556.875
1142165.5
1623377.875
1011858.875
2021674.625
1104790.375
1217180.5
1579307.125
1399069.625
1725350.875
1541840.125
1099173.125
1743818.75
1364231.625
1914870.375
1064448.625
1340670.5
1035160.3125
1455412.0
1029341.5625
1606417.375
970354.4375
963488.375
1279850.75
1426512.25
1341009.25
1693745.75
1755360.375
1394654.75
1855674.25
1243128.5
1008959.4375
1354626.375
1611210.125
1548728.75
878461.125
1171228.125
852324.0625
1675114.0
1158149.0
1178945.375
1162932.125
951771.25
1172933.875
1255849.75
1367662.875
944565.9375
1388789.875
1453740.625
1509245.875
1531103.125
2293832.75
1319601.125
943768.875
1147518.5
1493856.625
1352516.125
1470534.75
1186477.875
1839451.5
1271829.375
1215332.5
2075539.625
1233859.625
1957101.875
1562816.0
1555393.375
1010794.4375
1042263.9375
863106.1875
993672.25
1327935.75
1187876.0
1076309.25
1829798.0
1214065.75
1403147.25
1049690.875
1228574.25
1378738.5
911999.1875
1054609.75
1412474.25
1450703.5
1034603.9375
1471503.875
1227185.75
1277898.75
1188068.375
1073054.25
1509364.375
1279568.625
1484097.375
1638493.375
1229409.0
1036269.25
1610753.125
1088267.375
1066814.5
1215399.0
1096266.75
1276065.625
1631894.25
1386795.75
2074539.0
980194.3125
1348111.0
1579532.125
1367212.375
1461630.5
1287648.375
1326066.25
1438454.125
1372333.125
1131995.0
2704850.0
1523305.75
1151916.375
1262694.875
1393871.25
1514359.875
1126158.75
2204949.25
988469.875
1844400.25
1247652.25
1081442.125
1024186.375
1936514.0
1480988.375
1256370.75
1212270.5
1320566.75
1117311.625
1216356.5
1531045.75
1670592.375
1298075.375
1138494.375
1675467.375
1082061.25
1408057.875
1087894.375
992846.1875
1195065.125
670110.5625
1075888.75
1280139.375
1279984.5
1339447.625
1732730.875
1272731.875
1087977.0
1731664.375
1174575.5
1184113.125
1184817.625
1034140.0625
1277730.5
1943494.625
1370776.25
1443452.625
1216111.75
1107246.0
1443033.25
1099438.625
1581708.125
1110790.625
1392001.5
1413172.75
1452474.75
963030.25
1544228.5
1352580.625
1211768.125
1483493.75
1168873.0
1143465.625
1372889.375
1794218.75
1168279.25
1079580.875
1513895.375
1372675.625
1198810.75
1861299.5
1063796.0
1595016.75
1413955.625
1590367.5
944480.375
1114033.0
1732450.5
1472866.375
1178997.125
1174279.5
1799470.125
2232411.75
1730313.875
1338525.0
1550960.25
1453694.375
1433419.5
1210585.0
1236170.0
1618358.875
1539184.25
1101252.875
1391716.75
1291693.25
1459041.25
1303149.875
1332466.625
1644662.875
1890967.75
1384402.625
1187922.0
2046155.125
1572925.75
1741943.5
946960.875
1912979.0
1235162.5
1260218.875
1185343.375
1689037.0
1132160.75
1439552.625
1183211.625
1433435.875
1239665.75
1263164.5
1438580.25
1119515.75
1256601.375
1164453.75
1573085.875
937620.0
1316510.0
1373830.5
1033993.6875
1167541.0
1140108.375
1549332.625
1453038.375
1151161.5
1474172.875
1210699.25
1557175.375
1794335.625
1381627.125
1834886.0
1116261.25
1476063.875
1307000.0
1591060.0
1277054.0
2216840.5
1036875.5
1537649.25
1275004.25
1319088.625
1315576.625
1633786.25
1607275.375
984642.625
1613314.875
1074852.125
1701051.875
1523064.5
867205.875
1505139.25
1363904.875
1420005.125
1439987.75
1392648.5
1347846.125
1514325.375
1218020.5
1824604.0
1249399.5
1331436.375
1096003.875
915452.375
1115161.625
1528046.875
1127230.0
1368038.625
1574231.625
1042409.875
1982443.0
1722946.0
1341374.25
848152.625
1720261.75
1876054.0
1418638.25
1165634.875
859185.9375
1593717.125
1364984.875
1112894.0
1048677.375
1074574.75
803663.8125
1064032.25
1190645.875
1874926.125
1321356.5
1219101.625
1861542.375
1217814.875
1657148.25
1168400.625
1348040.25
1452992.0
1500350.375
1102647.375
1259235.875
1596709.375
1646275.125
1174570.0
1319651.875
1582136.375
1247838.25
1376136.125
1706891.875
1610613.125
1058928.0
1441192.375
1161179.5
1507012.125
993694.25
1151149.75
935979.25
1098530.375
1773465.0
1253992.75
1689571.0
1008274.9375
1315598.875
1236279.125
1199437.75
1682854.125
1049318.375
1031325.3125
980506.125
989272.1875
1565230.0
1448584.125
1183739.75
1290733.875
1054731.375
1514333.375
922595.0625
1788842.375
1126392.5
1503111.625
1268933.125
1283845.375
1408070.875
1012355.1875
1410652.125
1079012.875
1087885.375
961399.375
1182240.75
1545546.875
1242158.375
1487866.75
1848527.875
1026291.25
1121732.75
1396599.875
1241852.875
1407906.75
1358804.875
1085106.75
1359388.75
1356887.0
1681821.375
1502591.125
913319.875
985893.4375
1043440.75
1322547.625
1118636.125
1243231.625
1262296.75
1102890.875
1593628.5
1830189.0
1524090.0
1445025.0
1700958.625
1353569.75
1556169.25
1392203.25
975364.125
1225491.0
1676913.625
1613019.125
1588221.75
1188463.625
1433431.125
1280578.0
1153328.5
1079714.625
1644508.75
1210735.75
1375997.125
1475043.5
1766588.0
1539589.5
1307024.75
1692865.125
1936355.875
1604480.625
1590973.5
1389690.75
1663478.25
1484141.625
1326421.0
1471687.375
1097724.5
1634129.75
1308401.5
1232878.75
1057488.75
1277936.5
1467678.0
1593836.875
1481269.625
1360396.0
2074974.125
1265142.0
840500.875
899827.125
1386276.0
839166.1875
1179328.25
1620649.125
1293785.375
1459063.75
1508123.125
1566929.75
1569487.0
1287475.375
753579.375
1210451.625
1197951.625
1184009.25
1036337.5625
2009881.0
893461.375
1465058.25
1479626.5
1314032.125
1462907.625
1374155.5
1237003.875
1366785.0
1311332.25
1348787.75
2004842.625
1332271.875
1961830.125
1450794.75
1556376.625
830775.75
1303840.25
1928400.5
1557952.25
1332031.875
949950.5625
1486499.125
985508.75
1278351.75
1837981.625
1283753.5
1686778.25
945170.375
1088657.75
978287.3125
1315790.25
1801571.0
1792913.5
1262699.375
1438822.5
1904227.0
1315157.0
1535867.125
1408816.5
1703579.375
716383.5625
1082805.125
1550974.375
1485845.75
1367283.75
1140568.125
1704248.875
1281079.375
1564986.125
1182769.5
1074717.5
1756662.125
1100977.375
1312399.0
1440955.875
1159555.5
1264460.75
1136926.75
1461997.625
1384348.875
1385188.375
1128798.5
1186380.5
1275491.875
1358375.875
1537253.875
1279302.25
1570390.125
1287361.75
1252569.0
1293254.875
1476089.375
1613900.375
1331464.375
1585695.25
1153395.5
1225981.75
1666765.875
1542441.5
1304178.375
1559920.75
1539396.0
1654263.625
1318229.0
1802242.875
1371234.625
1371597.875
1460461.875
1419440.125
1214878.75
1286674.75
1885285.25
1383023.875
2219909.25
908641.125
1366309.875
1300192.75
1438023.75
1435338.125
1309771.5
1159230.0
1175270.125
981710.75
1427896.75
1278556.125
1116710.875
1496308.875
1374700.125
1401251.125
1527754.75
832443.125
1050126.375
1484227.25
1554363.375
1637005.75
1489291.5
1649775.875
1585901.625
1140788.0
1154669.25
1558685.5
2154713.75
1119549.25
1512237.625
1499276.375
1316515.625
1576161.25
1403633.5
1514692.75
1488310.25
1140693.125
1053550.375
1147631.125
1294552.375
1303752.375
1388517.25
1440063.625
1223073.375
1852000.625
1191175.625
1031070.5625
1596084.0
975762.8125
1231439.5
1715358.5
1395329.0
1262319.75
1256346.625
1270016.75
938096.4375
1282406.0
1763833.875
2129356.5
1446127.5
1725142.375
1165482.125
1404428.5
1267151.375
766983.375
1439077.875
1186401.125
1217979.25
1344637.125
1400149.25
1541727.25
1841683.75
1043588.1875
1548373.875
1124686.0
1232181.625
1141557.125
1541617.25
1801438.625
1463010.125
1510442.625
1339755.625
1431632.125
872378.3125
1730108.5
1050939.375
1309794.875
1031104.75
1313956.5
906901.5625
1413383.25
1422977.75
1769264.375
1473891.25
1504981.875
1005525.9375
1438217.75
1107583.75
1317533.125
1401168.75
1510696.0
1437638.625
1212755.5
1422562.875
1591625.875
1192817.5
720756.8125
1231006.875
1113364.375
1429163.125
1730489.125
1484668.625
1242657.625
1320950.0
1168905.875
1214470.5
1210743.875
1201286.75
1387575.75
1494296.0
1211098.375
1630505.375
1459592.125
1410026.125
1308960.375
1446359.75
1054856.0
1442309.375
1330963.0
1489007.125
1209900.375
1354891.125
1502202.875
1631685.875
1485528.75
1394108.125
1338649.125
1396134.0
1259741.375
1394878.0
1090554.0
1259378.125
1851597.75
1104223.75
914042.125
1176016.5
1270875.125
991942.875
1462919.125
1134097.125
1228426.5
1676851.875
952862.4375
1529840.25
1415661.125
1180766.5
1253557.0
1606007.75
1750799.75
1308091.625
1568646.875
1523956.0
1808021.75
1396028.75
1329275.875
1249047.125
1554268.875
1485621.75
1456782.0
1580842.375
1434970.0
1300041.5
1185529.5
1687480.5
1832188.625
1106916.875
1164533.125
1301809.5
1399263.625
1314921.0
881226.9375
2005981.5
1101644.0
1337264.5
1305442.0
1278595.5
1791669.0
1567027.625
1747991.125
919754.625
1757979.5
1281003.75
1413077.5
775080.875
1106429.375
1178033.125
1206381.25
1796817.5
1471630.125
1280289.25
1468794.875
1314735.625
1002206.125
1204927.875
1122370.875
1417941.625
1556728.5
1104023.5
1307385.0
1333314.5
1214765.375
1067469.875
1405978.0
1683976.875
1269238.75
1124726.875
1073818.75
1137916.625
1466977.375
1139033.375
1423637.125
1205702.875
1336371.25
1388621.5
1375086.25
1226202.25
1610984.25
1335177.5
1523824.0
1311356.125
1274232.5
1031979.0625
1262282.625
1467494.375
1056806.125
1441171.125
1381589.75
1526372.375
1436934.5
1094030.0
970175.25
1540086.75
1300522.25
1464569.5
1507985.375
1148826.5
1643834.875
1158888.125
1144330.0
895428.25
956607.5
1554441.125
1183087.375
1828300.5
1087752.375
1409873.625
1481332.125
726540.4375
1436557.25
965523.375
1393160.375
1907243.0
1055755.375
1196155.125
1214160.625
1263843.25
1142704.125
1472491.5
978966.5625
1327603.25
1261842.75
1756462.5
1239764.0
1159517.25
1502663.75
1698013.875
1686286.5
1045982.375
1145108.875
1359888.25
1111636.0
1142273.5
1345691.375
1590256.625
824048.8125
1253935.375
1202162.625
1788390.375
903359.375
1715338.75
1217819.75
1523349.5
1475036.375
1446021.875
1708076.75
1426483.5
898007.1875
1211461.5
1794293.75
1299882.75
1430758.125
1226678.375
1686160.0
927807.3125
1596040.375
1203385.375
1234258.5
1201729.625
1012320.0
1151233.625
2093970.375
1237130.25
1370306.25
1488739.5
1412145.25
1449695.875
1368400.25
1726021.75
1168656.625
1750628.375
1760199.875
1386405.375
1029383.625
1660112.125
954123.8125
1308897.625
1418327.75
990531.4375
1263350.75
1091454.875
1258154.375
1804447.125
1302124.625
1328102.875
995712.125
1535423.0
1344489.125
1670113.875
1122406.75
1238700.875
1457424.5
1465934.375
1217457.5
1376008.625
859243.5
1467204.75
1457846.0
1201360.125
1061203.125
1675042.125
1805323.5
1185003.375
1271446.5
967695.25
1576340.375
1796683.625
1475310.625
1574331.375
964654.1875
1203951.75
1033501.25
1630180.375
1284066.875
1650518.0
1405541.375
1223796.25
1359361.75
1089359.0
1228670.75
1245386.75
794261.3125
1087492.625
1164540.0
1335687.75
1163206.75
1495466.375
1311013.625
1372202.125
1040071.8125
951936.875
2190692.0
1197971.625
1227081.5
842708.625
1223578.375
1543687.125
1387456.375
1284508.75
1354214.125
1601648.25
829432.0
1376033.75
1404787.375
957068.3125
1454064.625
1685674.5
1151459.375
1552303.875
1263274.875
939397.1875
1363694.875
1168830.375
1200406.75
1268717.625
1015521.4375
1281942.0
1516272.5
1605032.375
1756511.25
1957687.875
1296408.875
1245784.125
1261259.375
1172370.0
1301375.75
1701539.125
1766791.25
1668661.375
1227302.75
1915518.25
1580943.0
1463497.125
1683408.625
1150879.75
1162230.875
1325915.625
1204851.625
1837616.5
1128190.5
1316896.875
1077078.375
1378862.5
1459149.5
1176844.25
1203815.375
1394278.125
999496.375
1789861.0
1565615.625
1556447.875
1214212.875
1094219.0
1250673.375
1187671.125
1231967.875
1214876.375
1155389.125
900227.125
1648759.875
1204298.75
1714900.875
1154055.625
1289653.375
1256936.125
865483.0
1480485.5
1469542.125
1464799.5
1466163.5
1465418.625
1460651.75
1562888.25
1084266.0
1396339.625
1302445.25
1859577.375
1517768.25
1385262.25
1729253.75
1315746.5
1307839.0
929839.5625
1525473.75
1027308.125
919459.375
1215147.75
1552330.625
1312558.875
1173095.375
1076644.25
1394715.75
1336431.125
1155942.5
1181015.375
1538595.625
1649839.125
1201749.625
1190678.0
1416055.25
1964657.125
1153576.0
1200336.25
1196521.25
1254557.875
1104038.0
1633514.375
1292047.0
1201283.875
1176906.875
1634012.625
776560.9375
1494209.375
1346436.625
1283270.875
1209501.0
1499876.625
1077594.875
1503006.25
1097294.625
1273085.5
1243095.625
1593741.375
1305679.625
1554894.75
1690032.875
1198256.0
1338711.375
1532501.75
1164401.25
1137689.125
900570.0625
1418892.25
1216220.5
1537200.0
807705.75
1212538.125
1269455.375
1659018.125
1902910.75
1247817.0
1615376.25
1145855.375
1336080.25
1521865.25
1006087.4375
1958313.125
1509808.625
667312.9375
1478977.125
1301326.875
2270584.25
1955255.375
1495859.0
937659.0625
1277876.625
1233966.125
1111425.375
1026376.8125
1503385.375
1451303.0
841212.5
1252918.875
1522457.75
1306683.75
1320237.125
1262534.125
1138145.0
1854583.375
1149102.625
1298756.0
1101179.0
1256925.375
1748200.875
1027463.5
1153488.125
1362051.625
1361758.375
1334038.75
1517038.25
1616694.25
1468927.5
978207.125
1527337.625
1706740.375
1160706.875
1112386.5
1195372.25
1570096.25
837022.8125
1232975.125
1232028.0
1099550.25
1398664.0
1590230.0
1467928.625
1485708.375
1050618.625
959034.8125
1184251.75
1163475.625
1450494.0
1263615.5
1265044.125
1085318.5
1465446.375
1597413.0
1193684.375
1388399.25
1416317.375
1319940.375
1470516.75
1540054.625
1282706.625
1339135.125
1277440.875
1256954.5
1449957.25
1596338.0
970280.6875
1081961.875
1290305.25
1134009.25
1308937.0
1500410.125
1290002.5
1182234.125
1666489.625
1305018.0
1174315.375
1048905.875
1208602.125
1733814.0
946731.5625
2043744.875
1094670.625
1203522.75
1105533.75
880267.0625
955957.6875
1395433.125
1394529.75
1200797.625
1384993.0
1249339.0
881876.25
1359494.875
1586724.875
1749817.75
1199568.875
1015786.125
1413066.5
970056.6875
1478607.625
1220345.75
1464057.875
1176719.75
1373468.375
1064670.5
1419141.5
1062809.875
1520490.5
1504197.25
1465692.625
805805.125
1700926.0
1204696.375
1516496.0
1762123.75
1351555.125
1757244.75
1020717.875
1604921.625
1538333.25
999293.8125
1464576.125
1493284.375
1253705.625
1223651.625
1513740.25
1475845.125
1375788.0
1193642.375
1214578.125
1144038.875
1313698.75
1248921.375
981838.0625
1093309.375
1434893.0
1126144.875
1065041.75
1400584.875
1400394.375
1633390.25
1149544.75
1049981.375
1190719.25
1632432.25
1795552.125
2277664.75
815490.6875
1025352.125
1498668.0
1590351.25
1252615.25
1198672.875
1381015.25
1207063.25
1211951.875
1601796.125
1873197.75
1076981.25
1789677.625
954015.6875
996835.5625
1034283.875
1005093.9375
1542975.25
1375095.625
806572.5
1124187.125
1107742.0
1830537.5
1393191.25
1196385.625
1373608.375
1335818.375
1824291.375
1360308.75
1265340.0
1143975.375
1615765.125
1446581.75
1788826.0
1721821.875
1446331.375
1265613.0
1472687.375
778444.375
1749478.375
842051.6875
1695141.875
1439668.25
1126581.75
1320831.0
1143319.125
1175004.375
1244920.375
1205059.5
1703715.625
1174669.625
1722485.125
1344312.625
1717039.375
1221014.125
1611010.875
1245441.25
1657421.0
1124831.125
962029.375
1164605.0
2007235.375
1300604.875
1090617.875
1409989.5
1114336.25
1683398.375
1306486.375
1071681.0
1198974.5
1895500.875
1330562.375
1385844.0
795306.625
1690793.25
1520070.375
1745026.75
1217175.375
1013759.75
1061864.25
1357945.5
1462715.875
1596710.625
1589055.125
1690894.125
1083061.875
1288237.25
1160556.125
857927.4375
2055240.375
1531667.5
1502585.375
1435226.5
1383339.125
1163166.5
1337442.125
1743505.25
1109394.375
764417.4375
1357402.75
1333274.25
1628966.625
1495099.75
1133336.75
1414160.125
1056368.875
1694079.0
1440621.0
1553997.875
1101906.75
1535486.375
1509210.5
993253.375
1356344.0
1910284.5
1755358.0
1216466.875
1619936.125
1477350.625
1026999.3125
1452673.75
1405587.5
1047811.125
1509099.375
1458755.75
1205281.5
1624058.0
1243034.375
1840217.75
1469774.5
1711743.75
1537950.25
1566579.875
1367554.375
1641316.125
1323465.5
1289245.375
1756133.75
1212109.5
1090579.875
1178235.5
1525016.375
1256852.875
911991.25
993788.0625
1444493.5
1250061.0
1207590.25
1697184.625
1053717.375
884515.375
1145905.375
1375213.5
928408.1875
1157953.25
1225455.75
1391514.5
1653984.625
1750797.25
1358654.0
1316040.125
1500762.5
1175694.0
1210871.875
1250709.25
1872406.0
1512515.0
1624369.0
1363552.625
1444164.0
1459946.375
1316282.125
793775.6875
1223442.625
1677502.875
1401183.875
1795113.125
1791751.625
1054449.375
1409417.75
1271743.25
1385322.625
1218709.0
1198937.75
710329.625
1543280.625
1249416.0
1327317.25
1467773.375
928191.5625
1088198.0
1414618.75
1088775.0
1463342.25
1429418.75
1224118.375
1165990.25
771264.375
1321267.125
1081844.375
1009830.625
1320349.125
1950013.125
1468889.75
1102296.25
1020056.875
1694700.625
847438.4375
1115232.625
984100.8125
1246641.25
1282464.375
1065637.0
1447993.25
1254096.0
1051706.75
1086923.625
1102228.0
1301974.875
1460273.0
1176215.25
1209452.375
1598816.5
1017347.625
1344498.125
1400177.375
1213460.25
2138449.5
1255388.75
1935045.375
1737354.625
1270233.0
1477693.75
1444737.5
1338279.75
1165588.0
1542533.0
1289017.5
1931216.25
1664708.0
1517244.25
1240720.25
1384457.875
1084248.125
1486557.625
1356642.875
967273.25
1210093.375
1202410.125
1159406.375
931611.4375
2160650.0
1496923.0
1171257.375
1572868.25
1286406.125
1397187.125
1450098.375
1574358.25
1691370.75
1127086.25
1600872.5
1648850.5
1259025.125
1143844.875
1572191.125
1033799.875
1879042.875
1674975.625
1587275.5
794389.1875
1365752.0
1131377.75
910516.0
1595713.125
1496846.0
1043241.4375
1104003.125
1871776.375
1723017.125
1252476.125
976794.75
1472157.5
1765452.0
1403551.375
1570154.625
1656502.0
1317740.0
1554053.375
1580073.375
1363198.75
1530009.125
1453312.25
1447840.125
1871482.875
1150659.625
1097463.125
1092692.5
1498211.5
1774584.25
1510716.875
1358755.5
1188366.875
1075667.75
1097922.75
1984372.375
1815745.75
1537402.875
1209968.5
1383930.25
1531510.75
1168254.75
1557464.875
1769321.75
1101495.625
1156531.0
1620681.625
1241487.875
1544782.125
1040444.6875
1091739.375
1434210.75
1415737.25
1805802.75
1234655.25
1600031.0
1049964.875
1178147.625
1392630.75
1286041.875
836411.25
977778.0625
1439842.125
1708072.375
1554024.25
1329857.0
1364175.25
1102976.5
1402524.5
1091264.125
1656927.375
1369417.125
1631465.5
1233963.875
1275298.875
1223472.375
1484677.875
1426694.5
1379788.0
1040057.1875
968079.75
1677951.5
1279001.5
1363571.625
1364279.5
1550156.625
1202941.625
1365266.625
1402382.75
1148924.0
1084005.0
1634835.875
1610707.25
1437288.375
1240668.375
1354901.75
1354080.5
1659272.75
1574091.125
1322314.125
856867.4375
1370022.0
1398689.0
1005907.5625
1665076.75
1599882.75
1409831.375
1380593.75
1140126.0
1233312.375
1213188.375
2124297.75
1236792.25
1473544.25
1006669.9375
1590321.5
1610649.25
1208048.75
1569573.5
1035668.5625
1203180.5
945301.0625
1175242.25
1418596.75
1774734.375
1409767.75
1425206.5
1254036.25
985468.0
1529792.25
1323350.625
1152668.125
1294411.75
1709573.125
1443149.375
1135570.25
1541618.125
1818702.125
871946.625
993776.375
984821.8125
822891.8125
1262043.625
1930401.625
1297002.875
1591859.5
1311021.25
1257311.875
1267309.375
1296155.875
1316989.75
1151350.125
1205481.875
1481029.375
1150336.875
929681.4375
1365175.125
1871088.375
1186444.25
1520212.25
1640244.0
1449487.875
1413847.75
1474819.125
1155263.0
1219121.5
1728900.25
1135877.0
1301294.875
1386435.75
1103376.875
1210702.125
1845484.125
1157658.875
1708869.75
1720732.75
1797068.0
1299757.375
1235429.375
1368476.75
1099439.5
1077729.125
1070107.0
1097422.875
1230198.75
1052514.75
1080737.5
1345866.875
2183543.0
1459736.0
1444605.0
1438546.125
1448726.25
1328085.75
1647275.5
1123338.125
1291604.25
1007573.4375
1912873.875
1317914.125
1368318.0
1382762.75
1192673.625
1574198.25
1664192.25
1803931.25
1257018.25
1272750.125
1484694.125
1227520.125
1621824.375
1475426.125
1069068.75
1309518.125
1147796.625
1442056.5
1709044.625
1247895.75
1440199.875
1528021.25
1086727.375
1359048.0
1423810.75
1605050.125
1424818.375
1670753.5
1299001.125
782247.5625
1079150.75
1304818.0
1628594.625
1012102.0
1051265.25
1289414.625
1364604.125
1070683.5
1545558.25
1090144.625
1460984.875
1025457.0625
1613287.125
1423794.625
1358157.875
1550205.125
904751.4375
1297585.75
975989.4375
1120455.25
1112787.5
1674086.375
1343984.0
1625249.25
1909251.625
1380007.875
1310962.625
1145104.75
1703492.625
1500652.75
1546680.25
1249192.75
1451051.375
1214399.875
1669065.0
1044419.9375
1314782.125
1141561.375
1378866.125
1440127.5
819172.3125
1389037.75
1287575.125
1805758.25
2194461.5
1206622.0
1230149.75
1294200.625
1464938.0
1139207.375
1419329.0
1933215.625
1857072.25
1060543.25
1000814.5
1070351.0
1318990.875
1544198.75
1324371.0
804221.9375
1538558.0
1576545.75
1293612.5
1843587.875
1485274.125
1330577.25
1742612.25
1031744.125
823702.625
1251593.75
735083.5
773269.375
1696979.875
1046522.375
1497472.75
832514.875
1095521.375
1225302.75
1285173.125
1655299.875
1957338.375
1273290.5
1240220.875
1622119.0
1500520.375
1769476.5
1338785.125
1446824.125
1853269.625
924822.6875
1166543.0
1146982.625
1284724.0
1512396.0
1354025.625
1556900.125
1287419.25
1526007.75
1282591.0
1698304.25
1992772.5
773714.0625
2015150.25
1265082.125
1421463.0
1562667.875
1170685.125
1372133.5
1557882.25
1352866.375
981080.625
1331469.5
1563551.375
1295060.5
1429730.75
824088.1875
1215022.25
1269505.0
1074279.125
949272.5625
1569912.875
1838058.25
994807.1875
973923.8125
1548765.125
1310300.875
1464589.0
1426165.75
1365398.875
968639.1875
1199538.75
1455496.375
1214066.0
969449.5625
1029346.1875
967604.25
1814344.625
901193.3125
1729298.375
1807603.5
1081809.875
2102311.5
1296887.75
1977352.625
1128982.875
1616155.75
1227061.25
1303935.25
1152118.875
1741442.625
1280652.125
1260040.75
1291029.25
1127285.125
1125945.375
1003796.0625
1757972.0
1349648.875
1421184.25
1174711.875
1367028.75
1702621.5
1433533.0
997982.125
1510308.625
1206383.625
1648006.375
1110806.375
1717819.25
1671976.875
1575089.625
1256610.5
1164106.0
1671274.25
1560995.25
1704181.0
1085087.125
1870564.0
1434989.75
926899.3125
1479325.5
917992.625
1467688.625
1909807.5
1550010.75
1731463.0
975768.5
1158267.875
991518.625
1468028.0
1000726.875
1964217.25
1329146.875
1610102.75
1446361.5
1451648.0
1028674.0625
1040383.9375
1643521.625
1662750.625
1784111.125
1698290.0
1374089.875
1045043.8125
1171885.0
1208265.75
850248.0625
1152081.125
1172958.625
1441607.0
1420027.875
1146212.875
1227577.375
1429277.5
1318429.375
1189695.0
1080755.375
1145740.375
986461.3125
1402160.375
1324923.25
1388969.25
1628124.375
983362.875
1452638.25
1500676.5
2076829.5
1367204.0
1605234.75
1409114.625
1372472.25
1068577.375
1141733.375
1189557.875
1652581.875
1700903.375
1288664.875
1260685.375
1374218.875
1290420.375
1286924.875
1194634.25
1378194.5
1227864.25
1122846.625
666902.25
1819690.625
1513480.25
914940.125
1452018.625
1404575.125
900058.0
1018165.6875
1308191.125
2029526.125
1553134.625
1716001.75
1146631.375
1129284.75
1355856.125
1322994.25
1266473.5
1594155.5
1244100.125
1009497.1875
1462167.25
1143236.5
1420080.0
1450310.375
1296198.375
859004.25
1803113.375
1287966.0
1495140.625
1614014.75
1625564.875
1151236.625
1351002.5
1025708.0625
1540208.375
1424212.0
1668409.375
1620930.125
1064739.125
1372033.5
1327717.375
1273817.75
1495280.5
1386581.875
1127170.625
1456863.0
1736226.875
1376011.625
1471419.5
1159076.0
1324853.875
1494323.375
1420713.5
1769544.375
1151845.875
1041039.625
1167951.0
1647934.375
1300719.75
1135155.75
1665860.5
1891295.0
1401007.25
1382437.125
1059326.5
1428812.875
923437.25
1031922.6875
1388289.625
1266487.625
1164484.5
1645603.5
1239658.125
1096657.5
987055.75
1496944.75
1224591.125
1338088.625
1619636.0
1560478.625
1067589.125
1353913.625
1411576.5
1542002.375
1178842.0
1216985.375
1209047.375
693946.9375
1533214.0
1415682.875
1409096.625
1447618.125
1717008.75
1531897.125
1449645.0
1422014.375
1381309.25
1688531.0
1425862.5
1287718.75
1131401.625
1329998.125
1487856.875
1691881.25
1443604.25
994480.6875
1177438.5
995252.25
1157554.25
1357275.375
1204772.125
1195707.5
1519025.625
1101263.125
1495262.375
1347606.75
1154869.0
1148122.625
1592483.0
1587176.375
1112083.25
1467541.625
1283538.5
1445157.625
1068169.625
895786.5625
1253413.5
1290566.875
1059864.125
1079057.375
1264857.25
1109296.75
2031156.75
1213695.75
1072907.25
1210658.25
1287724.25
1158077.75
1547473.25
1966724.375
1337840.25
1834209.375
867387.5625
1226027.5
1496575.625
1284460.5
1333928.25
1600000.625
1414905.125
1721111.625
1295883.5
909761.8125
1132750.75
1334911.625
1410074.125
1280166.75
1821754.75
1131966.375
1897950.75
1367439.375
853233.3125
1407093.625
1433178.5
1571537.375
1064966.875
1328816.25
1845190.625
1319665.625
849295.6875
1632455.75
1528542.0
949872.8125
1302835.875
1533398.25
1322379.25
1341155.375
1266004.0
1735176.25
1798990.0
1146008.125
1871291.75
1160135.375
1260951.625
1758642.5
1346824.375
1383999.375
1945642.125
1358090.75
1835577.0
1615312.375
1075229.25
1417111.75
1313781.25
865520.1875
1160754.375
1509346.125
1275270.125
841328.125
1270703.125
1583457.875
1876376.0
1068665.0
1413068.625
1443319.5
1537218.0
936112.625
746420.625
1588836.875
1233906.75
1093192.0
1626642.5
1087570.5
1221732.375
1803097.5
1238819.625
1333735.875
1485529.75
1732979.5
1972532.75
1862382.375
1571798.0
927062.8125
1238392.75
1566552.625
1653495.25
1806677.5
1332962.25
1183507.0
1071083.125
1176851.5
1384050.375
905956.3125
1375869.25
1428099.375
1123604.25
1593281.125
1846332.25
1584661.0
1727704.125
1339683.375
1929867.125
1496599.25
1185460.375
1107893.25
1379569.375
1786471.0
1352002.375
1447856.875
782445.5625
1563475.75
1876714.0
1186431.625
1635499.5
1722734.5
1288232.625
1451039.0
1476592.875
1570925.125
1449538.625
1347323.625
1160299.875
1352052.25
1577872.0
1616616.25
1315987.0
1853005.875
1583522.375
1600040.75
1827077.375
1055883.125
1242408.25
1485073.75
1711730.75
1044522.5
1560611.0
1654962.5
1202326.375
1616576.0
1486713.25
1361814.875
1422365.75
1065674.75
1359099.5
1622014.0
1065153.875
1488915.625
1274421.875
1394926.875
1245875.5
1393115.625
1411674.5
761077.5625
1974646.875
2006426.375
1779669.0
1384864.875
1525082.0
980764.75
1575823.0
1396016.0
1056753.0
1138173.25
1174166.5
1482821.0
1476655.625
1397421.0
1452289.5
1132662.375
1233568.75
1691681.0
770239.9375
1018517.9375
1955798.25
1299697.5
1768577.75
1657067.0
850561.875
1254546.375
1340864.5
1027390.5625
1770555.125
1513821.375
1214223.125
1153487.125
985017.875
1425241.0
824715.625
1507788.75
1266013.5
1472962.25
1262146.0
1319148.5
975435.9375
1728501.875
669883.875
1781318.125
1227217.625
1043161.3125
2335172.5
1229281.625
1174032.75
1494748.5
2049350.0
2002224.125
1576848.75
1731946.25
1661832.375
1493566.5
1509987.0
1159502.75
888587.875
1286882.5
1081183.0
1289382.125
1400486.125
992438.375
1436992.25
694389.0625
942393.8125
1715927.125
1468562.125
1169368.0
1127417.875
1054666.25
1082742.5
1363475.5
1390068.75
1619995.125
1305133.5
994382.1875
1086157.625
1551371.125
1311303.625
1762091.375
1249498.0
1471340.125
1718189.375
1153269.625
871758.0
1345215.25
1349413.25
1228540.5
1241626.5
1064638.0
1124240.5
1451700.5
1597139.625
1037790.3125
964042.0625
902859.4375
1005683.0
1830201.375
876776.0
1286370.75
1350953.25
960415.5
1235791.875
1352359.125
1205212.0
1401374.125
1005169.4375
1227828.875
1602211.25
1078112.125
1435735.125
1194312.5
1251839.875
1275706.25
1278625.125
1198140.0
1327134.875
1201756.875
1960975.0
1394264.0
1088052.5
1251695.5
1423450.25
1119556.375
2203142.25
1387256.25
2246086.75
1574716.875
1354280.0
1139457.375
1079786.5
1118999.75
984374.5625
1367523.5
1662549.625
1731973.875
1385890.25
1196733.5
1027567.375
1092712.875
1533917.375
1744768.875
1047250.0625
1104491.875
1275974.625
1157318.75
1312495.375
1112869.75
1126460.0
1306218.375
1655182.0
1360525.0
1631782.375
1469062.375
1473624.375
1041176.3125
1437817.375
1545821.625
888543.875
1004854.75
946078.625
1300136.625
1556586.25
1009830.375
1282348.0
1611889.5
1552685.5
1612537.625
1589132.75
920273.5625
1282269.875
1215464.625
809656.75
1392539.25
2007415.125
1293645.375
1453214.0
1756932.75
1347734.5
1014402.5
880215.9375
1141441.0
1209899.125
1376149.0
1420992.625
1130407.625
1247608.375
1168240.25
1552556.5
1149492.75
2264222.25
1689349.375
1435008.25
1603214.875
1502248.75
1107265.25
1669245.75
1666601.75
994286.5
1268246.5
1305264.0
1274213.25
2250097.0
1290684.625
1169651.0
1403262.5
1160654.0
1162780.625
1938368.375
998204.625
1301282.125
1158092.0
1265620.0
1532387.5
1362812.25
1023682.6875
1173132.5
1376817.625
1264105.875
1483865.375
1007774.75
1263792.625
1411783.25
1179026.0
1140688.125
1022617.625
1393570.75
1270968.125
1782577.125
971923.5625
1400826.5
1028888.1875
1619254.125
1323542.75
1259282.875
1715564.5
1234330.625
1441629.625
1279956.0
1171141.875
1992131.625
1659435.125
1547246.125
1389662.75
1376722.0
1051869.125
1200428.625
1308606.5
1157347.25
1326264.375
1178056.375
1402401.125
1247907.125
1362005.375
1628790.5
963686.3125
1217553.875
896492.4375
1176880.5
1823105.0
1564006.125
1143222.125
1364695.125
1678816.25
1381344.875
1146537.625
1073840.0
1553148.375
1837484.25
1183634.875
1641411.75
1477715.375
1005486.5
1806643.75
1705638.0
1119260.5
1633083.625
1206560.875
1935237.5
1076292.5
1417931.25
1211651.0
1361088.75
1242059.75
1431637.125
1481795.5
2090195.5
1070566.875
1684796.625
952750.0
1789151.75
1238458.0
1482928.625
1193490.125
1678242.5
1167344.75
1625474.125
1355486.875
1726602.875
1097998.625
1752375.0
1520214.875
1094266.125
1167567.375
1190357.375
1396013.875
1620355.625
1230181.375
1257487.125
1416450.5
1509340.125
1774120.625
1275489.625
1297130.0
1491098.5
1849694.75
1535763.0
1540610.625
1112324.125
1386570.125
1085076.875
1564113.375
1428947.875
1692474.75
1158860.375
1519549.0
1625024.375
1844776.875
1199785.125
1028753.125
939382.3125
1536187.125
1524575.75
1911606.5
1376339.375
1610510.625
1769817.25
1333976.375
1583914.125
1329694.625
1335995.625
1429269.625
1554804.625
1433842.5
1098355.75
941840.125
1314244.0
1184639.0
1333928.375
1153591.625
1328662.5
1366612.5
1795398.5
1478483.875
1164220.0
1188889.0
1439475.125
1142697.0
1788778.0
1395673.625
1352920.25
1249484.75
1131424.375
923087.875
1143108.125
1255833.25
1285990.75
1283158.5
1292336.0
961946.875
1827251.875
1591157.0
1217419.375
1983472.5
1753038.0
1378543.75
1325638.375
973836.5625
1742250.875
1295216.125
886057.375
1334736.0
1045447.9375
1313662.625
1058176.5
1170938.0
1697343.625
1615333.875
1041650.375
1443884.5
1398417.625
1578166.375
1336251.375
1411062.375
1450078.0
1265302.75
2277060.75
1179913.25
1294774.875
971504.625
1199802.125
1265303.875
1430263.5
1595740.375
1284997.5
1542695.875
1682208.75
1556035.25
1195528.125
1284392.125
1557012.875
1134067.0
1665994.375
1296113.875
1280135.625
1432393.125
1155674.125
1256439.875
1030433.125
1054647.875
856625.625
1150471.0
1355528.5
1155623.125
897424.6875
1363826.375
1111741.75
2000399.375
1458227.0
1432031.125
1853068.125
1436089.625
1723305.875
1120691.0
1426597.75
1238067.75
1863709.75
1518699.625
1279111.75
1183407.5
1114157.0
1360585.875
1383085.25
1508390.5
1736416.75
1543273.0
1183238.125
1718446.5
1666417.0
1525378.875
1143624.125
1303305.875
1105713.375
1226841.75
1613898.5
1662780.5
1880631.75
1830096.75
1365176.75
1456013.25
1243080.0
1000682.875
1364582.625
1387779.625
1796121.625
1225923.25
987860.625
1342909.25
1196172.625
1120882.5
1185180.0
1121192.125
1070302.875
1540442.75
1019831.4375
991484.8125
1439592.125
1717882.25
1183849.625
1208851.75
1266006.5
879483.375
975100.6875
1087476.25
1559068.0
1276553.75
1354815.375
1368885.5
1715454.0
962677.8125
1850776.375
1200161.875
1523387.875
1594988.0
1374199.25
1505194.25
1112727.125
2215323.75
1440248.625
858314.4375
1344335.625
953915.0625
1342864.25
1693310.5
1470804.0
1421943.0
1709881.875
1403098.125
1843573.125
1783050.125
1153299.875
1432275.25
1705962.25
1116316.0
1661075.875
1507683.875
1015829.25
1659649.5
609507.375
1380449.75
1614370.125
1368461.875
1039611.625
978513.6875
1787999.75
1509268.125
1260239.125
1289407.375
1162470.875
1268074.25
1320257.0
1789674.75
1214000.75
1167555.75
1363244.0
1344062.0
1263893.875
1367089.875
1239161.25
1475093.25
1268169.5
1489664.625
1721603.125
1122198.625
1297915.875
1349102.25
1192236.75
1841491.5
1394428.875
1585376.5
1325372.375
1734007.625
1401674.75
1427279.375
982348.75
917919.5625
1451650.375
1389123.25
1202782.75
1552008.875
1561652.375
1365859.5
1190534.0
1198226.625
1868249.125
1401800.75
1392254.875
1485119.625
1406503.875
1033351.75
1193516.5
1434833.125
1521411.25
1459520.25
1451714.75
1402825.0
805362.75
1182396.375
1323320.625
2199584.0
1965033.25
1824858.375
1375972.5
1239978.5
1362035.25
1109123.125
1126901.125
1248597.125
1075214.125
1382130.5
1452528.5
945962.125
1243204.75
1710076.0
1104742.875
908522.75
1041070.3125
875339.625
1366764.75
1045588.5
1453659.0
1062259.625
1580796.0
1171770.625
989029.0625
1466194.5
1176680.25
1173026.75
1296629.0
1399068.0
2132094.75
1524907.875
1061299.75
1814718.875
2386919.75
1443715.0
1066337.875
1442310.625
938246.1875
1507230.75
1104397.25
1254028.0
1289743.75
1098967.0
1209022.875
1745405.25
1055697.5
1094475.625
1189297.875
1373714.875
1600402.375
988563.625
1244573.25
1368007.875
1455808.125
955105.1875
1069289.125
981721.375
1524170.25
1723664.75
1236888.75
1000751.5625
1326884.75
1645290.5
1387152.5
1048600.5
1233340.625
1406037.375
1456464.75
1170058.375
1360788.625
1430100.875
1338481.25
1292969.125
851184.9375
1307900.0
1543837.75
1298272.875
1128602.125
1447650.0
1279525.125
994095.375
1116968.625
1358610.875
1496875.625
1280185.0
1171699.75
1206058.625
1120679.0
1668067.875
2077011.375
1074242.375
1237762.625
1789580.5
1131562.75
1341843.625
1302085.375
1189566.875
1165027.375
1053949.25
1073243.875
1468967.25
877602.6875
1162120.0
1334636.5
1321893.25
1586966.125
1327469.375
1257250.125
1621745.5
1759485.875
956881.625
1038049.625
1552043.125
1364721.75
1347578.0
1450683.5
1109964.375
1328397.75
1421885.875
919714.6875
1392766.625
1343103.0
1954212.875
1380645.25
1194536.125
1279869.5
1055733.875
1388290.875
1578178.0
1019768.75
1625424.25
1444424.25
1029380.8125
1031060.6875
1639887.625
1215063.25
1498838.5
1695626.875
1367765.125
1196531.75
1018592.5625
1311123.625
1492802.0
1082917.75
1897085.0
1274433.75
1264600.375
1209059.25
1004471.125
1288647.875
1067362.0
1334397.75
1222942.5
774327.75
981103.8125
1183548.75
1002620.5
959774.375
1595325.5
1449398.75
1318241.75
1095172.625
1315128.375
1536990.625
1379191.625
1289771.625